00000000030000000000    00000000000000000000000000000000000000000000000000
00030000030088003000    00000000000000000000000000000000000000000000000000
30003000030333333000    00000000000000000000000000000000000000000000000000
30000001030000003000    00000000000000000000000000000000000000000000000000
00030000038000003000    00000000000000000000000000000000000000000000000000
00030010030000003000    00000000000000000000000000000000000000000000000000
30000000030080003000    00000000000000000000000000000000000000000000000000
30000001030000003000    00000000000000000000000000000000000000000000000000
00030000030800003000    00000000000000000000000000000000000000000000000000
00030010000000003000    00000000000000000000000000000000000000000000000000
00030000000000083000    00000000000000000000000000000000000000000000000000
11110001030000003333    11111111111111111111111111111111111111111111111111