00000000000000000000    00000000000000000000000000000000000000000000000000
0001000000000000000    00000000000000000000000000000000000000000000000000
00010031001000000000    00000000000000000000000000000000000000000000000000
00010001001000000000    00000000000000000000000000000000000000000000000000
00010001001000000000    00000000000000000000000000000000000000000000000000
00010001001000000000    00000000000000000000000000000000000000000000000000
00010001001000000000    00000000000000000000000000000000000000000000000000
44444301001111111111    00000000000000000000000000000000000000000000000000
00000001000000000005    00000000000000000000000000000000000000000000000000
00000001000000000005    00000000000000000000000000000000000000000000000000
00000001000000000005    00000000000000000000000000000000000000000000000000
00000031331111111111    11111111111111111111111111111111111111111111111111