20000000000000000000    00000000000000000000000000000000000000000000000000
20000000000000000000    00000000000000000000000000000000000000000000000000
20020000000110000000    00000000000000000000000000000000000000000000000000
20020000000000000000    00000000000000000000000000000000000000000000000000
20020000000000000000    00000000000000000000000000000000000000000000000000
20020000000000000000    00000000000000000000000000000000000000000000000000
20020000111000000000    00000000000000000000000000000000000000000000000000
20020000000000000000    00000000000000000000000000000000000000000000000000
00000000000000000000    00000000000000000000000000000000000000000000000000
00000000000000000000    00000000000000000000000000000000000000000000000000
00000000000000000000    00000000000000000000000000000000000000000000000000
11111111111110001111    11111111111111111111111111111111111111111111111111