00000000050000022222    00000000000000000000000000000000000000000000000000
00000000050700000060    00000000000000000000000000000000000000000000000000
50000000050700000500    00000000000000000000000000000000000000000000000000
50000000050700955000    00000000000000000000000000000000000000000000000000
50000000000702000000    00000000000000000000000000000000000000000000000000
50000000000700000000    00000000000000000000000000000000000000000000000000
50000000000404443000    00000000000000000000000000000000000000000000000000
02222222222404000000    00000000000000000000000000000000000000000000000000
44141414141404000000    00000000000000000000000000000000000000000000000000
44040404040404000008    00000000000000000000000000000000000000000000000000
00000000000004250052    00000000000000000000000000000000000000000000000000
44444444444444222222    11111111111111111111111111111111111111111111111111